STARTING 4
6 10 5 10 1
5 9 5 10 0
3 9 3 10 1
2 10 3 10 0
ENDING 4
3 13
2 12
6 12
5 13
ADJ 8
4 10 5 11 3 11
5 11 5 12 4 12
3 12 3 13 2 12
3 11 4 12 3 12
4 12 5 12 3 12
5 10 5 11 4 10
3 10 4 10 3 11
5 12 6 12 5 13
ROT 16
4 10 6.28318530718
5 11 -2.22044604925e-16
3 12 0.785398163397
3 11 6.28318530718
4 12 6.28318530718
5 10 0.785398163397
3 10 5.49778714378
5 12 5.49778714378
6 10 1.57079632679
5 9 0.0
3 9 0.0
2 10 4.71238898038
3 13 0.0
2 12 1.57079632679
6 12 4.71238898038
5 13 0.0
INCOMING 8
4 10 5 10 3 10
5 11 5 10 4 10
3 12 4 12 3 11
3 11 4 10 3 10
4 12 5 11 3 11
5 10 6 10 5 9
3 10 3 9 2 10
5 12 5 11 4 12
